#the number of locks
L	10
#	CPUs	Thread group	Task WSS (b)	Period (us)	Usage (us)	Utility		Locks	HUA Utility
T	0	1		0		400000		75340		36		0,1,2,3,4,5,6,7,8,9	6
T	0	1		0		750000		69860		13		0,1,2,3,4,5,6,7,8,9	6
T	0	1		0		1200000		267120		67		0,1,2,3,4,5,6,7,8,9	6
T	0	1		0		1500000		69860		9		0,1,2,3,4,5,6,7,8,9	6
T	0	1		0		2400000		152050		213		0,1,2,3,4,5,6,7,8,9	6
T	0	1		0		4000000		286300		57		0,1,2,3,4,5,6,7,8,9	6
T	0	1		0		7500000		493150		91		0,1,2,3,4,5,6,7,8,9	6
T	0	1		0		10000000	794520		495		0,1,2,3,4,5,6,7,8,9	6
T	0	1		0		15000000	1212330		875		0,1,2,3,4,5,6,7,8,9	6
T	0	1		0		20000000	1775340		186		0,1,2,3,4,5,6,7,8,9	6
