#the number of locks
L	0
#	CPUs	Thread group	Task WSS (b)	Period (us)		Usage (us)	Utility		Locks
T	0	1		0		100000		7752		165
T	0	1		0		120000		3948		313
T	0	1		0		150000		23295		691
T	0	1		0		200000		43621		430
T	0	1		0		300000		6022		285
T	0	1		0		400000		5584		68
T	0	1		0		500000		21351		628
T	0	1		0		600000		5584		818
T	0	1		0		750000		12154		562
T	0	1		0		1000000		22884		1238
T	0	1		0		1200000		30054		816
T	0	1		0		1500000		8632		2187
T	0	1		0		2000000		39418		4349
T	0	1		0		2400000		63508		5125
T	0	1		0		3000000		96904		4890
T	0	1		0		4000000		141908		4191
T	0	1		0		5000000		72112		5087
T	0	1		0		6000000		338827		2886
T	0	1		0		7500000		176786		5830
T	0	1		0		10000000	372181		8180
T	0	1		0		12000000	113255		9053
T	0	1		0		15000000	438371		7007
T	0	1		0		20000000	893963		1689
T	0	1		0		30000000	937528		6146
