#the number of locks
L	0
#	CPUs	Thread group	Task WSS (b)	Period (us)		Usage (us)	Utility		Locks
T	0	1		0		50000		5531		102
T	0	1		0		60000		2463		150
T	0	1		0		75000		4684		283
T	0	1		0		100000		3795		165
T	0	1		0		120000		3981		313
T	0	1		0		150000		13299		691
T	0	1		0		200000		24721		430
T	0	1		0		300000		5022		285
T	0	1		0		400000		4584		68
T	0	1		0		500000		20351		628
T	0	1		0		600000		5384		818
T	0	1		0		750000		12154		562
T	0	1		0		1000000		19884		1238
T	0	1		0		1200000		27054		816
T	0	1		0		1500000		8633		2187
T	0	1		0		2000000		39418		4349
T	0	1		0		2400000		63509		5125
T	0	1		0		3000000		96904		4890
T	0	1		0		4000000		141908		4191
T	0	1		0		5000000		72113		5087
T	0	1		0		6000000		338687		2886
T	0	1		0		7500000		176787		5830
T	0	1		0		10000000	372182		8180
T	0	1		0		12000000	113256		9053
T	0	1		0		15000000	438372		7007
T	0	1		0		20000000	893964		1689
T	0	1		0		30000000	937529		6146
